0
0
0
0
0
0
0
0
0
0
0
0
0
0
0
0
0
0
0
0
0
0
0
0
0
0
0
0
0
0
0
0
0
0
0
0
0
0
0
0
0
0
0
0
0
0
0
0
0
0
0
0
0
0
0
0
0
0
0
0
0
0
0
0
0
0
0
0
0
0
0
0
0
0
0
0
0
0
0
0
0
0
0
0
0
0
0
0
0
0
0
0
0
0
0
0
0
0
0
0
0
0
0
0
0
0
0
0
0
0
0
0
0
0
0
0
0
0
0
0
0
0
0
0
0
0
0
0
0
0
0
0
0
0
0
0
0
0
0
0
0
0
0
0
0
0
0
0
0
0
0
0
0
0
0
0
0
0
0
0
0
0
0
0
0
0
0
0
0
0
0
0
0
0
0
0
0
0
0
0
0
0
0
0
0
0
0
0
0
0
0
0
0
0
0
0
0
0
0
0
0
0
0
0
0
0
0
0
0
0
0
0
0
0
0
0
0
0
0
0
0
0
0
0
0
0
0
0
0
0
0
0
0
0
0
0
0
0
0
0
0
0
0
0
0
0
0
0
0
0
0
0
0
0
0
0
0
0
0
0
0
0
0
0
0
0
0
0
0
0
0
0
0
0
0
0
0
0
0
0
0
0
0
0
0
0
0
0
0
0
0
0
0
0
0
0
0
0
0
0
0
0
0
0
0
0
78.512
80.074
84.036
87.061
89.313
91.673
93.436
94.916
96.073
96.407
95.688
93.183
89.134
85.537
77.254
76.989
0
0
0
0
93.116
93.476
93.08
93.806
93.352
92.249
91.258
90.198
88.798
87.1
85.372
84.451
82.144
80.663
77.917
75.766
73.377
71.589
71.931
76.693
75.059
0
0
0
0
0
0
0
0
82.695
83.052
82.696
83.246
83.175
82.831
82.759
82.49
82.272
81.924
80.863
79.465
78.545
77.068
76.287
74.989
73.833
73.098
72.435
71.681
70.68
68.916
66.067
0
0
0
0
0
0
0
0
0
0
0
0
0
0
0
0
0
0
0
0
81.764
81.833
80.572
79.524
78.133
77.412
76.074
75.763
75.352
75.235
74.933
74.533
73.727
73.286
73.124
73.334
73.563
73.837
73.931
73.949
73.957
73.708
73.253
73.378
73.336
73.758
74.197
73.802
73.404
0
0
0
0
0
0
0
0
0
0
71.803
77.227
79.491
81.15
81.809
82.138
82.209
82.142
82.065
81.789
81.67
80.944
80.279
78.983
78.055
77.331
76.659
76.265
75.176
74.471
74.781
75.639
76.341
76.547
75.904
75.767
75.141
74.923
73.84
73.165
72.126
70.961
69.785
69.917
70.024
73.392
75.69
78.94
79.715
79.37
78.528
77.023
76.3
75.118
73.985
73.266
72.653
71.546
70.637
70.566
70.378
70.468
70.435
70.458
69.848
68.197
67.318
0
0
0
0
0
0
0
0
0
0
0
71.469
70.536
70.231
70.287
69.937
69.187
69.132
68.35
68.539
68.638
69.036
64.901
0
0
0
0
0
0
0
0
0
0
0
69.515
70.253
70.167
69.385
68.305
68.303
67.609
67.774
67.729
68.594
69.825
69.907
62.297
59.59
0
0
0
0
0
0
0
0
0
0
0
0
0
0
0
0
0
0
0
0
0
0
0
0
0
0
0
0
0
0
0
0
0
0
0
0
0
0
0
0
0
0
0
0
0
0
0
0
0
0
0
0
0
0
0
0
0
0
0
0
0
0
0
0
0
0
0
0
0
0
0
0
0
0
0
0
0
0
0
0
0
0
0
0
0
0
0
0
0
0
0
0
0
0
0
0
0
0
0
0
0
0
0
0
0
0
0
0
0
0
0
0
0
0
0
0
0
0
0
0
0
0
0
0
0
0
0
0
0
0
0
0
0
0
0
0
0
0
0
0
0
0
0
0
0
0
0
0
0
0
0
0
0
0
0
0
0
0
0
0
0
0
0
0
0
0
0
0
0
0
0
0
0
0
0
