0.39781 0.5123 0.79994 1.0093 1.3165 1.5539 1.8904 2.1278 2.4788 2.6504
0.45847 0.60504 0.91225 1.1316 1.4449 1.6763 1.9956 2.2094 2.5937 2.7228
0.59599 0.83657 1.0303 1.1855 1.4228 1.6216 1.899 2.1872 2.5354 2.6701
0.4141 0.54312 0.86714 1.0846 1.3945 1.6256 1.9611 2.1902 2.5345 2.681
0.46489 0.59463 0.80353 0.97956 1.3245 1.5931 1.9721 2.2172 2.553 2.6952
0.39155 0.48026 0.70489 0.87771 1.1122 1.3228 1.6765 1.9876 2.4336 2.6681
0.46961 0.62008 0.93521 1.1569 1.4762 1.7098 2.0558 2.2745 2.5893 2.7206
0.46032 0.60419 0.90279 1.12 1.4655 1.6979 2.0001 2.2169 2.5244 2.6693
0.48703 0.67097 1.0384 1.2488 1.511 1.7012 1.9771 2.194 2.535 2.6776
0.45533 0.56003 0.7734 0.9506 1.2588 1.5004 1.7708 1.9943 2.462 2.6683
0.48222 0.63675 0.93331 1.1456 1.4055 1.6295 1.986 2.2119 2.5359 2.6775
0.41035 0.51064 0.73441 0.89437 1.1381 1.3916 1.8727 2.1757 2.56 2.7048
0.51194 0.69296 1.0501 1.2873 1.6053 1.8275 2.1167 2.3171 2.6015 2.7092
0.40934 0.51297 0.81671 1.0504 1.3066 1.5099 1.7814 1.9747 2.2311 2.536
0.5037 0.66211 0.91158 1.0877 1.3474 1.5512 1.8431 2.1132 2.5127 2.6695
0.46398 0.58377 0.8877 1.1303 1.4326 1.6332 1.8884 2.0807 2.4001 2.606
