-4.7964 -4.3158 -3.5036 -3.189
-10.324 -9.4496 -7.4682 -6.0967
-8.9747 -8.6019 -6.3121 -4.1093
-12.082 -8.6929 -5.662 -5.1478
-12.88 -12.304 -9.9813 -7.8003
-10.919 -11.578 -10.522 -8.7781
-6.3702 -8.8701 -9.5228 -8.2024
-3.662 -6.0846 -9.6542 -13.262
-11.566 -10.835 -10.989 -12.134
-13.861 -12.584 -11.967 -12.599
-9.3364 -8.8327 -8.106 -7.8745
-17.67 -5.968 9.0409 18.118
28.797 30.666 32.934 33.249
1.4213 1.1546 1.093 1.1201
1.7528 -1.8887 -6.4777 -10.243
-6.5198 -6.1794 -7.0269 -8.5361
-10.646 -10.284 -10.199 -10.502
-16.586 -7.4171 2.6278 8.9276
-7.5263 -4.0748 -0.88344 -0.064697
-9.2156 -9.7355 -9.7602 -9.1704
-12.534 -13.532 -14.916 -15.765
-20.03 -18.323 -17.683 -18.588
-20.95 -22.501 -24.472 -26.441
-27.681 -28.821 -28.978 -28.101
-30.158 -29.847 -29.555 -29.826
-34.954 -32.557 -28.38 -24.471
-29.847 -27.252 -23.365 -20.174
-10.513 -3.337 -2.4927 -10.553
-25.617 -25.344 -24.839 -24.594
-28.994 -26.667 -24.671 -24.334
-27.588 -29.512 -31.394 -32.585
-20.935 -9.4136 -6.8638 -8.3912
-28.014 -26.294 -21.602 -15.869
-20.044 -16.793 -14.674 -15.13
-15.267 -12.794 -9.879 -8.876
-11.533 -16.474 -17.557 -15.82
-2.4767 3.3628 3.8804 -1.1268
-3.2313 -1.895 -0.3342 0.49801
-1.0783 4.7151 9.9228 12.893
5.5826 9.5969 13.565 15.685
9.5147 8.6114 7.4343 5.7546
1.6667 -3.3119 -11.974 -18.795
-21.401 -28.045 -30.392 -29.746
-29.945 -25.949 -17.416 -9.9979
-12.255 -15.034 -20.621 -24.959
-26.748 -19.185 -12.793 -10.794
-8.4477 -1.9565 3.335 5.3511
8.982 3.11 -6.143 -14.185
-21.013 -21.97 -21.37 -19.638
-24.185 -22.779 -22.765 -24.309
-36.093 -38.558 -40.886 -42.434
-49.894 -50.244 -50.121 -50.269
-52.828 -51.693 -49.795 -48.163
-54.504 -54.381 -53.721 -52.902
-56.351 -56.407 -56.189 -55.589
-57.409 -56.317 -54.347 -52.444
-53.991 -50.804 -46.481 -43.314
-44.256 -38.136 -24.603 -13.298
-19.781 -20.42 -19.119 -16.467
-20.192 -18.195 -12.785 -7.3611
-25.281 -22.473 -14.824 -4.8152
-12.349 -17.253 -25.235 -30.903
-46.252 -49.049 -50.328 -51.353
-51.91 -49.333 -46.814 -46.054
-53.307 -53.854 -54.947 -56.091
-62.054 -61.261 -59.444 -57.492
-56.466 -50.007 -35.98 -23.548
-29.474 -28.624 -27.3 -26.024
-26.649 -24.1 -21.242 -19.789
-15.775 -13.469 -6.3379 2.6169
-29.277 -14.753 -6.0361 -2.3451
-18.081 -25.406 -34.274 -38.401
-31.31 -32.725 -33.948 -35.103
-49.763 -47.812 -46.766 -51.339
-58.155 -58.829 -58.968 -58.742
-68.062 -68.396 -68.237 -66.964
-77.633 -77.273 -76.498 -76.076
-72.352 -72.373 -71.66 -70.227
-70.751 -69.563 -65.677 -61.185
-65.454 -62.254 -53.018 -41.405
-54.488 -49.027 -41.687 -36.361
-39.478 -36.575 -32.734 -29.755
-33.85 -30.934 -22.091 -11.688
-12.664 -23.349 -29.922 -30.945
16.111 20.126 23.821 26.187
23.859 24.701 24.797 23.475
-8.0229 -15.084 -19.98 -20.601
-47.464 -47.495 -47.7 -48.136
-52.788 -52.437 -51.457 -51.127
-48.879 -46.375 -42.414 -39.365
-48.88 -47.837 -46.376 -44.92
-46.052 -46.027 -45.664 -45.416
-45.29 -48.343 -48.376 -46.385
-49.866 -48.883 -42.725 -31.213
-22.644 -19.944 -16.781 -15.07
-19.016 -19.451 -19.753 -20.011
-20.694 -10.519 -1.9297 2.4571
-7.3645 4.6386 14.864 19.941
16.212 12.961 7.8112 1.7895
-3.2758 -8.2042 -16.056 -22.007
-18.111 -18.839 -21.852 -25.699
-32.956 -23.89 -12.057 -4.5677
-16.633 -22.51 -25.797 -25.447
-31.197 -31.444 -31.72 -31.481
-40.599 -38.299 -35.191 -33.407
-37.221 -34.756 -33.143 -33.877
-40.655 -39.747 -37.835 -36.2
-48.306 -44.47 -36.711 -29.95
-41.092 -40.681 -36.707 -29.653
-20.7 -23.084 -27.798 -33.22
-38.755 -39.114 -39.125 -38.669
-34.857 -37.763 -38.676 -37.685
-44.314 -43.978 -43.401 -43.476
-49.841 -50.522 -52.02 -53.194
-59.167 -58.538 -56.699 -55.197
-55.455 -53.63 -49.794 -45.533
-44.1 -41.658 -37.744 -34.465
-32.172 -30.44 -28.25 -27.12
-26.213 -15.686 0.17411 10.094
4.4486 13.011 20.076 24.187
12.222 14.096 15.943 16.644
16.968 18.121 19.192 18.972
11.596 12.043 12.269 11.704
6.7598 5.2988 3.2873 0.15657
-20.563 -21.27 -22.148 -22.614
-32.567 -32.706 -31.019 -28.421
-34.455 -35.154 -35.576 -35.631
-35.919 -36.328 -34.751 -31.443
-38.348 -41.777 -41.959 -39.448
-40.121 -41.564 -43.09 -44.119
-44.723 -40.796 -38.52 -39.265
-42.251 -42.212 -40.328 -37.692
-46.913 -51.911 -55.235 -56.494
-60.047 -61.36 -62.086 -62.311
-64.207 -64.856 -65.225 -64.742
-65.348 -64.096 -61.979 -59.81
-66.943 -64.121 -59.158 -52.295
-59.486 -55.603 -44.227 -31.601
-37.147 -35.887 -31.787 -25.638
-21.569 -16.269 -8.8061 -3.6856
-2.0367 1.1329 4.511 6.6922
3.1812 4.574 5.6577 6.0416
-0.55574 -1.3538 -2.423 -3.5859
-10.574 -11.644 -13.12 -14.043
-22.222 -20.654 -18.665 -17.867
-22.483 -24.161 -24.227 -22.665
-31.203 -38.881 -44.692 -48.035
-59.029 -57.056 -52.848 -47.723
-55.712 -54.45 -51.996 -49.776
-57.906 -50.976 -51.907 -49.655
-60.309 -55.311 -48.299 -42.461
-48.867 -53.016 -52.635 -50.356
-36.22 -34.919 -28.569 -17.088
-24.763 -33.132 -39.264 -41.967
-50.678 -43.375 -30.208 -20.891
-42.419 -32.803 -16.728 -5.1312
-13.232 -11.884 -11.376 -27.907
-25.738 -26.55 -28.281 -30.352
-40.755 -40.271 -40.201 -40.934
-45.159 -43.714 -41.546 -39.781
-42.111 -45.563 -45.753 -43.998
-41.319 -33.444 -26.212 -23.331
-26.09 -30.076 -34.449 -36.729
-48.042 -44.415 -39.451 -35.766
-27.416 -22.092 -17.73 -16.123
-23.783 -22.884 -18.607 -12.433
-13.54 -10.758 -7.8903 -6.8062
-12.156 -11.87 -8.7163 -2.8662
-9.454 -11.3 -11.71 -10.538
-8.0446 -7.7949 -8.5453 -9.2819
-3.7166 -3.1661 -4.8033 -7.7289
-11.257 -23.5 -23.348 -21.372
-45.741 -46.279 -44.274 -41.56
-40.571 -47.201 -51.518 -53.674
-51.436 -53.256 -53.875 -53.451
-53.92 -56.682 -58.16 -58.32
-61.608 -59.959 -55.789 -51.761
-52.017 -54.268 -53.305 -46.609
-49.46 -42.857 -49.161 -42.534
-49.765 -49.721 -48.768 -47.635
-43.922 -45.876 -47.647 -49.132
-47.725 -47.995 -51.947 -48.17
-48.647 -51.18 -49.116 -43.829
-38.271 -43.135 -46.888 -47.544
-54.449 -53.014 -47.088 -38.835
-44.541 -45.769 -43.624 -36.158
-36.065 -33.146 -30.361 -29.559
-31.512 -29.651 -26.275 -22.975
-35.254 -25.223 -18.739 -16.719
-8.5773 -1.3251 6.8218 12.135
-9.4169 -8.7301 -10.583 -18.258
-23.781 -22.879 -21.776 -21.211
-26.135 -25.146 -23.309 -22.143
-24.048 -22.862 -20.427 -18.062
-26.798 -28.043 -26.499 -22.635
-26.848 -26.758 -26.675 -26.753
-37.558 -36.6 -36.956 -38.83
-42.479 -42.433 -42.001 -41.316
-42.67 -39.821 -32.331 -22.065
-31.426 -34.906 -37.666 -39.803
-48.278 -45.634 -43.605 -43.219
-43.568 -43.637 -44.876 -47.062
-50.122 -48.796 -45.475 -41.217
-45.37 -38.635 -32.061 -29.222
-36.158 -26.241 -7.02 5.025
-4.9359 -11.686 -22.745 -28.014
-37.574 -37.467 -36.441 -35.089
-33.834 -33.728 -32.845 -32.337
-34.867 -30.171 -23.677 -19.682
-20.394 -15.448 -11.101 -10.377
-16.117 -14.438 -13.161 -13.107
-14.356 -14.516 -13.22 -11.557
-9.4013 -7.4436 -6.3086 -6.832
-6.8807 -6.0586 -5.4276 -5.5124
-5.8636 -10.475 -14.299 -15.755
-16.246 -16.656 -14.214 -10.608
-11.315 -8.9467 -7.4493 -8.1381
-12.885 -13.585 -13.685 -13.293
-13.641 -13.287 -11.625 -10.031
-19.114 -18.525 -17.033 -15.992
-17.273 -17.591 -16.237 -14.116
-17.009 -17.638 -18.044 -17.801
-14.68 -12.66 -12.717 -15.697
-24.513 -19.75 -7.9622 2.5548
12.259 7.7364 0.69883 -6.401
-10.399 -11.85 -16.049 -19.624
-17.919 -16.08 -13.97 -12.947
-16.421 -14.32 -11.785 -10.468
-14.98 -15.316 -14.968 -14.38
-17.018 -16.073 -15.686 -16.224
-17.297 -13.004 -8.0287 -5.4658
-9.2519 -9.5733 -11.25 -12.703
-13.664 -11.085 -9.7906 -10.598
-15.718 -15.069 -11.652 -6.1472
-10.637 -10.613 -9.0787 -7.2138
-12.579 -7.1206 -1.4189 1.6526
5.8587 7.6817 9.46 10.149
-3.0647 -5.7635 -7.0525 -6.8623
-16.331 -18.846 -20.853 -21.303
-15.373 -10.182 -4.464 -1.9683
-7.6536 -7.7118 -7.3512 -6.8422
-7.5673 -8.998 -10.434 -10.782
-11.705 -12.522 -12.444 -11.511
-10.554 -9.2534 -8.7315 -9.4375
-12.217 -11.839 -10.91 -10.137
-12.068 -10.672 -9.0977 -8.8007
4.555 2.1043 -1.3397 -5.4119
-9.5698 -8.5903 -1.8449 7.3707
19.209 17.894 15.317 11.728
-9.438 -6.739 -3.813 -3.103
-9.2533 -7.8244 -8.817 -11.236
-14.648 -16.04 -18.288 -20.725
-23.661 -24.879 -26.168 -26.913
-20.97 -18.741 -15.139 -12.123
-14.7 -15.271 -16.49 -17.647
-22.189 -20.393 -19.831 -20.858
